245,-220,-215,-358,210,-451,308,-198,-80,-351,-241,-282,-47,359,-430,11,397,-27,-213,236,-438,-389,500,-383,343,-329,-80,383,-47,110,-172,172,-89,29,-356,-113,-300,246,280,52,65,-259,410,452,462,-208,39,312,209,-309,143,341,331,-356,83
-1
8
-322,-344,-470,-147,-429,-296,-401,-265,-393,-72,-192,-113,-358,-465,-95,-167,-328,-456,-490
-307,-304,-112,-382,-336,-360
-147,-442,-368,-81,-327,475,125,-472,239,-9,445,41,222,-126,-105,-357,142,-408,116,319,-463,436,88,-445,33,6,-117,-289,492,-16,209,-169,454,-156,456,-478,200,332,78,251,-412,-140,-180,288,-387,190,378,257,353,310,392,194,-378,401,296,216,48,94
308,298,104
38,399,447
-2,-399,251,-395,444,392,-5,-301,115,470,-75,-245,-276,152,442,-83,249,424,-61,317,16,-103,-302,-48,-245,-292,-258,-434,375,-365,390,338,-469,-256,48,377,274,27,-368,-370,-163,147,93,-358,-279,333,-302,77,-196,138,383,276,63,-353,-423,167,-307,58,-393,-267,153,-283,-498,-271,-331,118,476,383,-124,-328,77,-286,-377,-112,-51,407,-478,56,-115,37,469,-411,-206,-241,-413,-249,38,404,340,475,-346,188
170,369,176,91,433,367,423,220,203
234,230,359,84,109,38,121,484,105,61
-417,-431,-442,-398,-246,-84,-148,-270
-163,-330,-160,-104,-459,-346,-105,-279,-298,-204,-305,-259,-303,-468,-347
428,48,37,296
150,290
-105,-292,-392,-385,-166,-128,-77,-293,-271,-382,-497,-60,-403,-386,-82,-399,-149,-200,-139,-491
312,399,233,355,376,380,253,459,59
100,476,186,373,404,397,18,55,393,38
55,156,30,298,420,42
19,-17,-51,204,443,137,-305,-332,-96,433,60,257,-219,-392,-337,-165,238,274,426,-216,-474,156,-14,339,-348,410,-325,363,218,-365,297,-355,246,393,-472,206,-251,240,-65,-47,-290,-30,-80,-233,263,-477,-217,-441,461,-425,-23,-486,-120,233,6,274,77,72,412,-453,445,457,113,235,-329,408,5,-175,59,427,-145,242,-474,-424,-352,81,-177,405,-264,-133,-395,-185,-61,492,346
349,126,194,190,58,118
0,0,0,0,0
-314,343,-198,-398,-95,-432,-234,-453,-178,400,174,-307,208,408,-41,-328,486,336,-167,180,113,198,174,-17,261,-462,314,261,341,481,-171,147,-321,-98,-237,-490,-344,-359,-354,143,433
87,284,388,370,370,235,223
-25,166,-152,-443,-376,-300,209,-441,-142,-193,271,-493,197,-262,-227,-179,-340,187,-140,448,-372,-325,-402,-120,-461,15,-17,-94,-107,462,-415,-138,-442,-167,272,407,447,16,-71,90,39,-388,-360,-337,-305,485,441,159,-249,-106,74,-268,-141,-419,-233,-431,388,402,395,366,396,-459,388,-211,330,-298,-454,404,128,415
26,383,74,380,388,88,-421,-451,208,169,-149,-500,-200,-154,344,12,-292,-280,-445,-115,434,489,-15,-377,-210,-297,-468,-315,-231,-320,18,-135,98,361,67,381,333,-258,-225,-500,32,-221,164,-365,390,-361,374,258,-482,-23,-371,-302,-452,299,-331,-243,123,97,-147,321,91,251,379,-498,-313,306,93,-237,282,-365,347,-331,199,-249,19,-41,-471,-179,85,126,-322,32,-343,330,64,322,-325
-404,-177,-416,-358,-445,-148,-482,-153,-72,-491,-177,-97,-385
433,228,179,216,398
-226,-288,-137,-230,-89,-267,-186,-411,-328,-221,-316,-122,-490,-198,-408,-286,-325,-467
357,-257,329,311,275,-469,-333,-241,-356,-110,20,163,-133,-186,175,38,-405,261,203,487,63,3,117,23,112,378,-427,479,-302,-405,-303,61,413,-154,-249,170,-419,-133,157,-342,484,-14
-498,-431,-151,-331,101,-96,397,21,-324,-40,250,-417,-343,458,-491,-449,-484,-259,329,-313,-210,-195,-106,-361,-472,-266,-285,-60,256,358,237,-495,4,317
275,-94,-309,-414,411,-223,333,470,351,-56,242,422,-120,12,120,5,-213,-274,364,449,302,325,-125,156,-398,228,-165,101,420,-233,-451,-193,176,230,379,469,472,-44,493,-192,-23,-356,107,5,111,34,-435,-359,-80,-481,165,-315,304,60,328,-298,-90,-147,-362,-193,-29,71,-337,431,-343,-252,-225,-305,-385,255,-325,-197,-487,-469,4,187,-434,163,273,332,-442,-219,179,-434,386,92,-50,-14,99,437,-137
9,388,-328,19,-3,-308,-182,-262,224,173,-462,-5,311,349,-193,493,-415,476,452,-20,-243,368,193,-362,-405,-254,-329,-483,461,-297,443,-490,-99,398,-392,-414,-348,375,-21,-475,-41,316,345,-406,245,109,-23,219,-261,-407,-21,279,-185,467,-233,-72,-118,405,344,-211,-10,-287,-490,454,212,-162,-265,305,399,413,479,-372,-59,406,109,-196,-242,-197,-458,297,57,-412,-476,91,381,46,-479,-238,112,403,366,118,230,486,-423,418
449,33,119
245,410
-39,0,-342,279,-70,60,238,450,-437,446,-204,159,18,171,202,-387,-465,-458,-102,366,-192,240,-406,-471,439,-43,166,186,-27,321,442,-266,208,294,303
398,472
69,315,82,-244,-143,434,-205,270,42,112,493,-115,208,240,157,426,-108,233,310,-149,-418,111,162,286,-410,96,-88,107,95,-165,296,72,171,312,413,389,271,201,-183,-166,377,-150,294,-300,-292,-33,339,-221,-154,-53,319,151,-266,-415,-404,-186,379,-142,88,499,-447,138,-288,-475,221,-350,204,-176,157,-355,257,147,-95,2,4,65,0,317,-131,-403,-303,-66,438,150,353,17,-69,276,403,-109
91,198,492,280,88,298,97,450
469,122,256,410,472,450,53
